       1      1571.24      796.315
       2     -2763.90     -401.103
       3     -2483.89     -729.753
       4      296.705      1435.42
       5      1015.78     -718.986
       6      5613.81      732.144
       7     -328.475      6200.13
       8     -1994.82      3026.42
       9      4903.03      1432.95
      10      3987.25      585.306
      11      5272.56     -2772.69
      12      1837.86     -3281.44
      13     -2305.25     -5758.29
      14      280.548     -3318.07
      15     -6183.47      2849.39
      16     -3477.46     -1388.06
      17     -4663.74      882.373
      18     -591.901      386.918
